----- POSITION COMMAND -----
16.33	-0.00	-0.00	1.18
t(s)	x(m)	y(m)	z(m)	vx(m/s)	vy(m/s)	vz(m/s)
16.34 -0.00 -0.00 0.18 -0.00 0.00 0.00
16.39 -0.00 -0.00 0.19 -0.00 0.00 0.29
16.44 -0.00 -0.00 0.21 -0.00 0.00 0.70
16.49 -0.00 -0.00 0.25 -0.00 0.00 1.00
16.54 -0.00 -0.00 0.31 -0.00 0.00 1.21
16.59 -0.00 -0.00 0.38 -0.00 0.00 1.35
16.64 -0.00 -0.00 0.44 -0.00 0.00 1.43
16.69 -0.00 -0.00 0.52 -0.00 0.00 1.45
16.74 -0.00 0.00 0.59 -0.00 0.00 1.44
16.79 -0.00 0.00 0.66 -0.00 0.00 1.39
16.84 -0.00 0.00 0.73 -0.00 0.00 1.32
16.89 -0.00 0.00 0.79 -0.00 0.00 1.23
16.94 -0.00 0.00 0.85 0.00 0.00 1.14
16.99 -0.00 0.00 0.90 0.00 0.00 1.03
17.4 -0.00 0.00 0.95 0.00 -0.00 0.93
17.9 -0.00 0.00 1.00 0.00 -0.00 0.82
17.14 -0.00 0.00 1.04 0.00 -0.00 0.72
17.19 -0.00 0.00 1.07 0.00 -0.00 0.62
17.24 -0.00 0.00 1.10 0.00 -0.00 0.53
17.29 -0.00 0.00 1.12 0.00 -0.00 0.45
17.34 -0.00 0.00 1.14 0.00 -0.00 0.37
17.39 -0.00 -0.00 1.16 0.00 -0.00 0.31
17.44 -0.00 -0.00 1.17 0.00 -0.00 0.24
17.49 -0.00 -0.00 1.18 0.00 -0.00 0.19
17.54 -0.00 -0.00 1.19 0.00 -0.00 0.14
17.59 -0.00 -0.00 1.20 0.00 -0.00 0.10
17.64 -0.00 -0.00 1.20 0.00 -0.00 0.07
17.69 -0.00 -0.00 1.21 0.00 -0.00 0.04
17.74 -0.00 -0.00 1.21 0.00 -0.00 0.02
17.79 -0.00 -0.00 1.21 0.00 -0.00 0.00
17.84 -0.00 -0.00 1.21 0.00 -0.00 -0.01
17.89 -0.00 -0.00 1.21 0.00 -0.00 -0.02
17.94 -0.00 -0.00 1.21 0.00 -0.00 -0.03
17.99 -0.00 -0.00 1.20 0.00 -0.00 -0.04
18.4 -0.00 -0.00 1.20 0.00 -0.00 -0.04
18.9 -0.00 -0.00 1.20 0.00 -0.00 -0.04
18.14 -0.00 -0.00 1.20 0.00 -0.00 -0.04
18.19 -0.00 -0.00 1.20 0.00 -0.00 -0.04
18.24 -0.00 -0.00 1.19 0.00 -0.00 -0.04
18.29 -0.00 -0.00 1.19 0.00 -0.00 -0.04
18.34 -0.00 -0.00 1.19 0.00 -0.00 -0.03
18.39 -0.00 -0.00 1.19 0.00 -0.00 -0.03
18.44 -0.00 -0.00 1.19 0.00 -0.00 -0.03
18.49 -0.00 -0.00 1.19 -0.00 -0.00 -0.03
18.54 -0.00 -0.00 1.18 -0.00 -0.00 -0.02
18.59 -0.00 -0.00 1.18 -0.00 -0.00 -0.02
18.64 -0.00 -0.00 1.18 -0.00 0.00 -0.02
18.69 -0.00 -0.00 1.18 -0.00 0.00 -0.01
18.74 -0.00 -0.00 1.18 -0.00 0.00 -0.01
18.79 -0.00 -0.00 1.18 -0.00 0.00 -0.01
18.84 -0.00 -0.00 1.18 -0.00 0.00 -0.01
18.89 -0.00 -0.00 1.18 -0.00 0.00 -0.01
18.94 -0.00 -0.00 1.18 -0.00 0.00 -0.00
18.99 -0.00 -0.00 1.18 -0.00 0.00 -0.00
19.4 -0.00 -0.00 1.18 -0.00 0.00 -0.00
19.9 -0.00 -0.00 1.18 -0.00 0.00 -0.00
19.14 -0.00 -0.00 1.18 -0.00 0.00 -0.00
----- POSITION COMMAND -----
20.87	-0.00	1.00	1.18
t(s)	x(m)	y(m)	z(m)	vx(m/s)	vy(m/s)	vz(m/s)
20.87 -0.00 -0.00 1.18 0.00 -0.00 0.00
20.92 -0.00 -0.00 1.18 0.00 0.00 0.00
20.97 -0.00 0.00 1.18 0.00 0.10 -0.01
21.2 -0.00 0.01 1.18 0.00 0.29 -0.05
21.7 -0.00 0.03 1.18 0.00 0.50 -0.08
21.12 -0.00 0.06 1.17 0.00 0.69 -0.09
21.17 -0.00 0.10 1.17 0.00 0.86 -0.09
21.22 -0.00 0.15 1.16 0.00 1.01 -0.08
21.27 -0.00 0.20 1.16 0.00 1.12 -0.06
21.32 -0.00 0.26 1.16 0.00 1.21 -0.04
21.37 -0.00 0.32 1.16 0.00 1.27 -0.02
21.42 -0.00 0.39 1.15 0.00 1.31 -0.01
21.47 -0.00 0.45 1.15 0.00 1.33 0.01
21.52 -0.00 0.52 1.15 0.00 1.33 0.02
21.57 -0.00 0.59 1.16 0.00 1.32 0.03
21.62 -0.00 0.65 1.16 0.00 1.29 0.03
21.67 -0.00 0.71 1.16 0.00 1.25 0.04
21.72 -0.00 0.78 1.16 0.00 1.20 0.04
21.77 -0.00 0.83 1.16 0.00 1.14 0.04
21.82 -0.00 0.89 1.17 0.00 1.08 0.03
21.87 -0.00 0.94 1.17 0.00 1.00 0.03
21.92 -0.00 0.99 1.17 0.00 0.92 0.02
21.97 -0.00 1.03 1.17 0.00 0.84 0.02
22.2 -0.00 1.07 1.17 -0.00 0.76 0.02
22.7 -0.00 1.11 1.17 -0.00 0.67 0.01
22.12 -0.00 1.14 1.17 -0.00 0.59 0.01
22.17 -0.00 1.17 1.17 -0.00 0.50 0.01
22.22 -0.00 1.19 1.17 -0.00 0.41 0.00
22.27 -0.00 1.21 1.17 -0.00 0.33 0.00
22.32 -0.00 1.22 1.17 -0.00 0.25 0.00
22.37 -0.00 1.23 1.17 -0.00 0.18 0.00
22.42 -0.00 1.24 1.17 -0.00 0.10 0.00
22.47 -0.00 1.24 1.17 -0.00 0.03 0.00
22.52 -0.00 1.24 1.17 -0.00 -0.03 0.00
22.57 -0.00 1.24 1.17 -0.00 -0.09 0.01
22.62 -0.00 1.24 1.17 -0.00 -0.14 0.01
22.67 -0.00 1.23 1.17 -0.00 -0.18 0.01
22.72 -0.00 1.22 1.17 -0.00 -0.23 0.01
22.77 -0.00 1.21 1.17 -0.00 -0.26 0.01
22.82 -0.00 1.19 1.18 -0.00 -0.29 0.01
22.87 -0.00 1.18 1.18 -0.00 -0.31 0.01
22.92 -0.00 1.16 1.18 -0.00 -0.33 0.02
22.97 -0.00 1.14 1.18 -0.00 -0.34 0.02
23.2 -0.00 1.13 1.18 -0.00 -0.35 0.02
23.7 -0.00 1.11 1.18 -0.00 -0.36 0.01
23.12 -0.00 1.09 1.18 -0.00 -0.36 0.01
23.17 -0.00 1.07 1.18 -0.00 -0.35 0.01
23.22 -0.00 1.06 1.18 -0.00 -0.34 0.01
23.27 -0.00 1.04 1.18 -0.00 -0.33 0.01
23.32 -0.00 1.02 1.18 -0.00 -0.32 0.01
23.37 -0.00 1.01 1.18 -0.00 -0.30 0.01
23.42 -0.00 0.99 1.18 -0.00 -0.28 0.01
23.47 -0.00 0.98 1.18 -0.00 -0.26 0.01
23.52 -0.00 0.97 1.18 -0.00 -0.24 0.00
23.57 -0.00 0.96 1.18 -0.00 -0.22 0.00
23.62 -0.00 0.95 1.18 -0.00 -0.19 0.00
23.67 -0.00 0.94 1.18 -0.00 -0.17 0.00
23.72 -0.00 0.93 1.18 -0.00 -0.15 0.00
23.77 -0.00 0.92 1.18 -0.00 -0.12 0.00
23.82 -0.00 0.92 1.18 -0.00 -0.10 -0.00
23.87 -0.00 0.91 1.18 -0.00 -0.08 -0.00
23.92 -0.00 0.91 1.18 -0.00 -0.05 -0.00
23.97 -0.00 0.91 1.18 -0.00 -0.03 -0.00
24.2 -0.00 0.91 1.18 -0.00 -0.01 -0.00
24.7 -0.00 0.90 1.18 0.00 0.01 -0.00
24.12 -0.00 0.91 1.18 0.00 0.02 -0.00
24.17 -0.00 0.91 1.18 0.00 0.04 -0.00
24.22 -0.00 0.91 1.18 0.00 0.05 -0.00
24.27 -0.00 0.91 1.18 0.00 0.06 -0.00
24.32 -0.00 0.92 1.18 0.00 0.08 -0.00
24.37 -0.00 0.92 1.18 0.00 0.08 -0.00
24.42 -0.00 0.92 1.18 0.00 0.09 0.00
24.47 -0.00 0.93 1.18 0.00 0.10 0.00
24.52 -0.00 0.93 1.18 0.00 0.10 0.00
24.57 -0.00 0.94 1.18 0.00 0.11 0.00
24.62 -0.00 0.94 1.18 0.00 0.11 0.00
24.67 -0.00 0.95 1.18 0.00 0.11 0.00
24.72 -0.00 0.96 1.18 0.00 0.11 0.00
24.77 -0.00 0.96 1.18 0.00 0.11 0.00
24.82 -0.00 0.97 1.18 0.00 0.10 0.00
24.87 -0.00 0.97 1.18 -0.00 0.10 0.00
24.92 -0.00 0.98 1.18 -0.00 0.10 0.00
24.97 -0.00 0.98 1.18 -0.00 0.09 -0.00
25.2 -0.00 0.99 1.18 -0.00 0.09 -0.00
25.7 -0.00 0.99 1.18 -0.00 0.08 -0.00
25.12 -0.00 0.99 1.18 -0.00 0.07 -0.00
25.17 -0.00 1.00 1.18 -0.00 0.07 -0.00
25.22 -0.00 1.00 1.18 -0.00 0.06 -0.00
25.27 -0.00 1.00 1.18 -0.00 0.05 -0.00
25.32 -0.00 1.01 1.18 -0.00 0.05 -0.00
25.37 -0.00 1.01 1.18 -0.00 0.04 -0.00
25.42 -0.00 1.01 1.18 -0.00 0.03 -0.00
25.47 -0.00 1.01 1.18 -0.00 0.03 -0.00
25.52 -0.00 1.01 1.18 -0.00 0.02 -0.00
25.57 -0.00 1.01 1.18 -0.00 0.01 -0.00
25.62 -0.00 1.01 1.18 -0.00 0.01 -0.00
25.67 -0.00 1.01 1.18 -0.00 0.00 -0.00
25.72 -0.00 1.01 1.18 -0.00 -0.00 -0.00
25.77 -0.00 1.01 1.18 -0.00 -0.01 -0.00
25.82 -0.00 1.01 1.18 -0.00 -0.01 -0.00
25.87 -0.00 1.01 1.18 -0.00 -0.01 -0.00
25.92 -0.00 1.01 1.18 -0.00 -0.02 -0.00
25.97 -0.00 1.01 1.18 -0.00 -0.02 -0.00
26.2 -0.00 1.01 1.18 -0.00 -0.02 -0.00
26.7 -0.00 1.01 1.18 -0.00 -0.02 -0.00
26.12 -0.00 1.01 1.18 -0.00 -0.02 -0.00
26.17 -0.00 1.01 1.18 -0.00 -0.03 -0.00
26.22 -0.00 1.01 1.18 -0.00 -0.03 -0.00
26.27 -0.00 1.00 1.18 -0.00 -0.03 -0.00
26.32 -0.00 1.00 1.18 -0.00 -0.03 -0.00
26.37 -0.00 1.00 1.18 -0.00 -0.03 -0.00
26.42 -0.00 1.00 1.18 -0.00 -0.02 -0.00
26.47 -0.00 1.00 1.18 -0.00 -0.02 -0.00
26.52 -0.00 1.00 1.18 -0.00 -0.02 -0.00
26.57 -0.00 1.00 1.18 -0.00 -0.02 -0.00
26.62 -0.00 1.00 1.18 -0.00 -0.02 -0.00
26.67 -0.00 0.99 1.18 -0.00 -0.02 -0.00
26.72 -0.00 0.99 1.18 -0.00 -0.02 -0.00
26.77 -0.00 0.99 1.18 -0.00 -0.01 -0.00
26.82 -0.00 0.99 1.18 -0.00 -0.01 -0.00
26.87 -0.00 0.99 1.18 -0.00 -0.01 -0.00
26.92 -0.00 0.99 1.18 -0.00 -0.01 -0.00
26.97 -0.00 0.99 1.18 -0.00 -0.01 -0.00
27.2 -0.00 0.99 1.18 -0.00 -0.01 -0.00
27.7 -0.00 0.99 1.18 -0.00 -0.00 -0.00
27.12 -0.00 0.99 1.18 -0.00 -0.00 -0.00
27.17 -0.00 0.99 1.18 -0.00 -0.00 -0.00
27.22 -0.00 0.99 1.18 -0.00 0.00 -0.00
27.27 -0.00 0.99 1.18 -0.00 0.00 -0.00
27.32 -0.00 0.99 1.18 -0.00 0.00 -0.00
27.37 -0.00 0.99 1.18 -0.00 0.00 -0.00
27.42 -0.00 0.99 1.18 -0.00 0.01 -0.00
27.47 -0.00 0.99 1.18 -0.00 0.01 -0.00
27.52 -0.00 0.99 1.18 -0.00 0.01 -0.00
27.57 -0.00 0.99 1.18 -0.00 0.01 -0.00
27.62 -0.00 0.99 1.18 -0.00 0.01 -0.00
27.67 -0.00 0.99 1.18 -0.00 0.01 -0.00
27.72 -0.00 0.99 1.18 -0.00 0.01 -0.00
27.77 -0.00 0.99 1.18 -0.00 0.01 -0.00
27.82 -0.00 0.99 1.18 -0.00 0.01 -0.00
27.87 -0.00 0.99 1.18 -0.00 0.01 -0.00
27.92 -0.00 0.99 1.18 -0.00 0.01 -0.00
27.97 -0.00 1.00 1.18 -0.00 0.01 -0.00
28.2 -0.00 1.00 1.18 -0.00 0.01 -0.00
28.7 -0.00 1.00 1.18 -0.00 0.01 -0.00
28.12 -0.00 1.00 1.18 -0.00 0.01 -0.00
28.17 -0.00 1.00 1.18 -0.00 0.01 -0.00
28.22 -0.00 1.00 1.18 -0.00 0.01 -0.00
28.27 -0.00 1.00 1.18 -0.00 0.01 -0.00
28.32 -0.00 1.00 1.18 -0.00 0.01 -0.00
28.37 -0.00 1.00 1.18 -0.00 0.01 -0.00
28.42 -0.00 1.00 1.18 -0.00 0.01 -0.00
28.47 -0.00 1.00 1.18 -0.00 0.00 -0.00
28.52 -0.00 1.00 1.18 -0.00 0.00 -0.00
28.57 -0.00 1.00 1.18 -0.00 0.00 -0.00
28.62 -0.00 1.00 1.18 -0.00 0.00 -0.00
28.67 -0.00 1.00 1.18 -0.00 0.00 -0.00
28.72 -0.00 1.00 1.18 -0.00 0.00 -0.00
28.77 -0.00 1.00 1.18 -0.00 0.00 -0.00
28.82 -0.00 1.00 1.18 -0.00 0.00 -0.00
28.87 -0.00 1.00 1.18 -0.00 0.00 -0.00
----- POSITION COMMAND -----
30.23	1.00	1.00	1.18
t(s)	x(m)	y(m)	z(m)	vx(m/s)	vy(m/s)	vz(m/s)
30.20 -0.00 1.00 1.18 -0.00 -0.00 -0.00
30.25 -0.00 1.00 1.18 -0.00 -0.00 -0.00
30.30 -0.00 1.00 1.18 0.02 0.00 -0.00
30.35 0.00 1.00 1.18 0.18 -0.00 -0.02
30.40 0.02 1.00 1.18 0.38 -0.00 -0.06
30.45 0.04 1.00 1.18 0.58 -0.00 -0.08
30.50 0.08 1.00 1.17 0.77 -0.00 -0.09
30.55 0.12 1.00 1.17 0.92 -0.00 -0.08
30.60 0.17 1.00 1.16 1.06 -0.00 -0.07
30.65 0.22 1.00 1.16 1.16 -0.00 -0.05
30.70 0.28 1.00 1.16 1.24 -0.00 -0.03
30.75 0.35 1.00 1.16 1.29 -0.00 -0.01
30.80 0.41 1.00 1.16 1.32 -0.00 0.00
30.85 0.48 1.00 1.16 1.33 -0.00 0.02
30.90 0.55 1.00 1.16 1.33 -0.00 0.03
30.95 0.61 1.00 1.16 1.31 -0.00 0.03
31.0 0.68 1.00 1.16 1.28 -0.00 0.04
31.5 0.74 1.00 1.16 1.23 -0.00 0.04
31.10 0.80 1.00 1.17 1.18 -0.00 0.04
31.15 0.86 1.00 1.17 1.12 -0.00 0.04
31.20 0.91 1.00 1.17 1.05 -0.00 0.03
31.25 0.96 1.00 1.17 0.97 -0.00 0.03
31.30 1.01 1.00 1.17 0.89 -0.00 0.02
31.35 1.05 1.00 1.17 0.81 -0.00 0.02
31.40 1.09 1.00 1.17 0.72 -0.00 0.01
31.45 1.12 1.00 1.17 0.64 -0.00 0.01
31.50 1.15 1.00 1.17 0.55 -0.00 0.01
31.55 1.18 1.00 1.17 0.46 -0.00 0.00
31.60 1.20 1.00 1.17 0.38 0.00 0.00
31.65 1.22 1.00 1.17 0.30 0.00 0.00
31.70 1.23 1.00 1.17 0.22 0.00 0.00
31.75 1.24 1.00 1.17 0.15 0.00 0.00
31.80 1.24 1.00 1.18 0.07 0.00 0.00
31.85 1.25 1.00 1.18 0.01 0.00 0.00
31.90 1.24 1.00 1.18 -0.05 0.00 0.01
31.95 1.24 1.00 1.18 -0.11 0.00 0.01
32.0 1.23 1.00 1.18 -0.16 0.00 0.01
32.5 1.22 1.00 1.18 -0.20 0.00 0.01
32.10 1.21 1.00 1.18 -0.24 0.00 0.01
32.15 1.20 1.00 1.18 -0.27 0.00 0.01
32.20 1.19 1.00 1.18 -0.30 0.00 0.01
32.25 1.17 1.00 1.18 -0.32 0.00 0.01
32.30 1.15 1.00 1.18 -0.34 0.00 0.01
32.35 1.14 1.00 1.18 -0.35 0.00 0.01
32.40 1.12 1.00 1.18 -0.35 0.00 0.01
32.45 1.10 1.00 1.18 -0.36 0.00 0.01
32.50 1.08 1.00 1.18 -0.35 0.00 0.01
32.55 1.07 1.00 1.18 -0.35 0.00 0.01
32.60 1.05 1.00 1.18 -0.34 0.00 0.01
32.65 1.03 1.00 1.18 -0.33 0.00 0.01
32.70 1.02 1.00 1.18 -0.31 0.00 0.01
32.75 1.00 1.00 1.19 -0.29 0.00 0.01
32.80 0.99 1.00 1.19 -0.27 0.00 0.01
32.85 0.97 1.00 1.19 -0.25 0.00 0.00
32.90 0.96 1.00 1.19 -0.23 0.00 0.00
32.95 0.95 1.00 1.19 -0.21 0.00 0.00
33.0 0.94 1.00 1.19 -0.18 0.00 0.00
33.5 0.93 1.00 1.19 -0.16 0.00 0.00
33.10 0.93 1.00 1.19 -0.14 0.00 0.00
33.15 0.92 1.00 1.19 -0.11 0.00 -0.00
33.20 0.91 1.00 1.19 -0.09 0.00 -0.00
33.25 0.91 1.00 1.19 -0.07 0.00 -0.00
33.30 0.91 1.00 1.19 -0.05 0.00 -0.00
33.35 0.91 1.00 1.19 -0.02 0.00 -0.00
33.40 0.90 1.00 1.19 -0.01 0.00 -0.00
33.45 0.90 1.00 1.19 0.01 0.00 -0.00
33.50 0.91 1.00 1.19 0.03 0.00 -0.00
33.55 0.91 1.00 1.19 0.04 0.00 -0.00
33.60 0.91 1.00 1.19 0.06 0.00 -0.00
33.65 0.91 1.00 1.19 0.07 -0.00 -0.00
33.70 0.92 1.00 1.19 0.08 -0.00 -0.00
33.75 0.92 1.00 1.19 0.09 -0.00 -0.00
33.80 0.93 1.00 1.19 0.09 -0.00 -0.00
33.85 0.93 1.00 1.19 0.10 -0.00 -0.00
33.90 0.94 1.00 1.19 0.10 -0.00 -0.00
33.95 0.94 1.00 1.19 0.11 -0.00 0.00
34.0 0.95 1.00 1.19 0.11 -0.00 0.00
34.5 0.95 1.00 1.19 0.11 -0.00 0.00
34.10 0.96 1.00 1.19 0.11 -0.00 0.00
34.15 0.96 1.00 1.19 0.11 -0.00 -0.00
34.20 0.97 1.00 1.19 0.10 -0.00 -0.00
34.25 0.97 1.00 1.19 0.10 -0.00 -0.00
34.30 0.98 1.00 1.19 0.09 -0.00 -0.00
34.35 0.98 1.00 1.19 0.09 -0.00 -0.00
34.40 0.99 1.00 1.19 0.08 -0.00 -0.00
34.45 0.99 1.00 1.19 0.08 0.00 -0.00
34.50 0.99 1.00 1.19 0.07 0.00 -0.00
34.55 1.00 1.00 1.19 0.06 0.00 -0.00
34.60 1.00 1.00 1.19 0.06 0.00 -0.00
34.65 1.00 1.00 1.19 0.05 0.00 -0.00
34.70 1.01 1.00 1.19 0.04 0.00 -0.00
34.75 1.01 1.00 1.19 0.04 0.00 -0.00
34.80 1.01 1.00 1.19 0.03 0.00 -0.00
34.85 1.01 1.00 1.19 0.02 0.00 -0.00
34.90 1.01 1.00 1.19 0.02 0.00 -0.00
34.95 1.01 1.00 1.19 0.01 0.00 -0.00
35.0 1.01 1.00 1.19 0.01 0.00 -0.00
35.5 1.01 1.00 1.19 0.00 0.00 -0.00
35.10 1.01 1.00 1.19 -0.00 0.00 -0.00
35.15 1.01 1.00 1.19 -0.01 0.00 -0.00
35.20 1.01 1.00 1.19 -0.01 0.00 -0.00
35.25 1.01 1.00 1.19 -0.01 0.00 -0.00
35.30 1.01 1.00 1.19 -0.02 0.00 -0.00
35.35 1.01 1.00 1.19 -0.02 0.00 -0.00
35.40 1.01 1.00 1.19 -0.02 0.00 -0.00
35.45 1.01 1.00 1.19 -0.02 0.00 -0.00
35.50 1.01 1.00 1.19 -0.02 0.00 -0.00
35.55 1.01 1.00 1.19 -0.03 0.00 -0.00
35.60 1.00 1.00 1.18 -0.03 0.00 -0.00
35.65 1.00 1.00 1.18 -0.03 0.00 -0.00
35.70 1.00 1.00 1.18 -0.03 0.00 -0.00
35.75 1.00 1.00 1.18 -0.03 0.00 -0.00
35.80 1.00 1.00 1.18 -0.02 0.00 -0.00
35.85 1.00 1.00 1.18 -0.02 0.00 -0.00
35.90 1.00 1.00 1.18 -0.02 0.00 -0.00
35.95 1.00 1.00 1.18 -0.02 0.00 -0.00
36.0 1.00 1.00 1.18 -0.02 0.00 -0.00
36.5 0.99 1.00 1.18 -0.02 0.00 -0.00
36.10 0.99 1.00 1.18 -0.02 0.00 -0.00
36.15 0.99 1.00 1.18 -0.01 0.00 -0.00
36.20 0.99 1.00 1.18 -0.01 0.00 -0.00
36.25 0.99 1.00 1.18 -0.01 0.00 -0.00
36.30 0.99 1.00 1.18 -0.01 0.00 -0.00
36.35 0.99 1.00 1.18 -0.01 0.00 -0.00
36.40 0.99 1.00 1.18 -0.01 0.00 -0.00
36.45 0.99 1.00 1.18 -0.00 0.00 -0.00
36.50 0.99 1.00 1.18 -0.00 0.00 -0.00
36.55 0.99 1.00 1.18 -0.00 0.00 -0.00
36.60 0.99 1.00 1.18 0.00 0.00 -0.00
36.65 0.99 1.00 1.18 0.00 0.00 -0.00
36.70 0.99 1.00 1.18 0.00 0.00 -0.00
36.75 0.99 1.00 1.18 0.00 0.00 -0.00
36.80 0.99 1.00 1.18 0.01 0.00 -0.00
36.85 0.99 1.00 1.18 0.01 0.00 -0.00
36.90 0.99 1.00 1.18 0.01 0.00 -0.00
36.95 0.99 1.00 1.18 0.01 0.00 -0.00
37.0 0.99 1.00 1.18 0.01 0.00 -0.00
37.5 0.99 1.00 1.18 0.01 0.00 -0.00
37.10 0.99 1.00 1.18 0.01 0.00 -0.00
37.15 0.99 1.00 1.18 0.01 0.00 -0.00
37.20 0.99 1.00 1.18 0.01 0.00 -0.00
37.25 0.99 1.00 1.18 0.01 0.00 -0.00
37.30 0.99 1.00 1.18 0.01 0.00 -0.00
37.35 1.00 1.00 1.18 0.01 0.00 -0.00
37.40 1.00 1.00 1.18 0.01 0.00 -0.00
37.45 1.00 1.00 1.18 0.01 0.00 -0.00
37.50 1.00 1.00 1.18 0.01 0.00 -0.00
37.55 1.00 1.00 1.18 0.01 0.00 -0.00
37.60 1.00 1.00 1.18 0.01 0.00 -0.00
37.65 1.00 1.00 1.18 0.01 0.00 -0.00
37.70 1.00 1.00 1.18 0.01 0.00 -0.00
37.75 1.00 1.00 1.18 0.01 0.00 -0.00
37.80 1.00 1.00 1.18 0.01 0.00 -0.00
37.85 1.00 1.00 1.18 0.00 0.00 -0.00
37.90 1.00 1.00 1.18 0.00 0.00 -0.00
37.95 1.00 1.00 1.18 0.00 0.00 -0.00
38.0 1.00 1.00 1.18 0.00 0.00 -0.00
38.5 1.00 1.00 1.18 0.00 0.00 -0.00
38.10 1.00 1.00 1.18 0.00 0.00 -0.00
38.15 1.00 1.00 1.18 0.00 0.00 -0.00
38.20 1.00 1.00 1.18 0.00 0.00 -0.00
38.25 1.00 1.00 1.18 0.00 0.00 -0.00
----- POSITION COMMAND -----
38.91	1.00	-0.00	1.18
t(s)	x(m)	y(m)	z(m)	vx(m/s)	vy(m/s)	vz(m/s)
38.92 1.00 1.00 1.18 -0.00 0.00 -0.00
38.97 1.00 1.00 1.18 -0.00 -0.01 -0.00
39.2 1.00 1.00 1.18 -0.00 -0.14 -0.02
39.7 1.00 0.98 1.18 -0.00 -0.34 -0.05
39.12 1.00 0.96 1.18 -0.00 -0.54 -0.08
39.17 1.00 0.93 1.17 -0.00 -0.73 -0.09
39.22 1.00 0.89 1.17 -0.00 -0.90 -0.08
39.27 1.00 0.84 1.17 -0.00 -1.03 -0.07
39.32 1.00 0.79 1.16 -0.00 -1.14 -0.06
39.37 1.00 0.73 1.16 -0.00 -1.22 -0.04
39.42 1.00 0.66 1.16 -0.00 -1.28 -0.02
39.47 1.00 0.60 1.16 -0.00 -1.32 -0.00
39.52 1.00 0.53 1.16 -0.00 -1.33 0.01
39.57 1.00 0.47 1.16 -0.00 -1.33 0.02
39.62 1.00 0.40 1.16 -0.00 -1.31 0.03
39.67 1.00 0.33 1.16 -0.00 -1.28 0.04
39.72 1.00 0.27 1.16 -0.00 -1.24 0.04
39.77 1.00 0.21 1.17 -0.00 -1.19 0.04
39.82 1.00 0.15 1.17 -0.00 -1.13 0.04
39.87 1.00 0.10 1.17 -0.00 -1.06 0.03
39.92 1.00 0.05 1.17 -0.00 -0.99 0.03
39.97 1.00 -0.00 1.17 0.00 -0.91 0.02
40.2 1.00 -0.04 1.17 0.00 -0.83 0.02
40.7 1.00 -0.08 1.18 0.00 -0.74 0.01
40.12 1.00 -0.12 1.18 0.00 -0.65 0.01
40.17 1.00 -0.15 1.18 0.00 -0.57 0.01
40.22 1.00 -0.17 1.18 0.00 -0.48 0.00
40.27 1.00 -0.20 1.18 0.00 -0.40 0.00
40.32 1.00 -0.21 1.18 0.00 -0.31 0.00
40.37 1.00 -0.23 1.18 0.00 -0.24 0.00
40.42 1.00 -0.24 1.18 0.00 -0.16 0.00
40.47 1.00 -0.24 1.18 0.00 -0.09 0.00
40.52 1.00 -0.25 1.18 0.00 -0.02 0.00
40.57 1.00 -0.25 1.18 0.00 0.04 0.00
40.62 1.00 -0.24 1.18 0.00 0.10 0.01
40.67 1.00 -0.24 1.18 0.00 0.15 0.01
40.72 1.00 -0.23 1.18 0.00 0.19 0.01
40.77 1.00 -0.22 1.18 0.00 0.23 0.01
40.82 1.00 -0.20 1.18 0.00 0.27 0.01
40.87 1.00 -0.19 1.18 0.00 0.29 0.01
40.92 1.00 -0.18 1.18 0.00 0.32 0.01
40.97 1.00 -0.16 1.18 0.00 0.33 0.01
41.2 1.00 -0.14 1.18 0.00 0.35 0.01
41.7 1.00 -0.12 1.18 0.00 0.35 0.01
41.12 1.00 -0.11 1.18 0.00 0.36 0.01
41.17 1.00 -0.09 1.18 0.00 0.36 0.01
41.22 1.00 -0.07 1.19 0.00 0.35 0.01
41.27 1.00 -0.05 1.19 0.00 0.34 0.01
41.32 1.00 -0.04 1.19 0.00 0.33 0.01
41.37 1.00 -0.02 1.19 0.00 0.31 0.01
41.42 1.00 -0.01 1.19 0.00 0.30 0.01
41.47 1.00 0.01 1.19 0.00 0.28 0.01
41.52 1.00 0.02 1.19 0.00 0.26 0.00
41.57 1.00 0.03 1.19 0.00 0.24 0.00
41.62 1.00 0.05 1.19 0.00 0.21 0.00
41.67 1.00 0.06 1.19 0.00 0.19 0.00
41.72 1.00 0.06 1.19 0.00 0.16 0.00
41.77 1.00 0.07 1.19 0.00 0.14 0.00
41.82 1.00 0.08 1.19 0.00 0.12 -0.00
41.87 1.00 0.08 1.19 0.00 0.09 -0.00
41.92 1.00 0.09 1.19 0.00 0.07 -0.00
41.97 1.00 0.09 1.19 0.00 0.05 -0.00
42.2 1.00 0.09 1.19 -0.00 0.03 -0.00
42.7 1.00 0.09 1.19 -0.00 0.01 -0.00
42.12 1.00 0.09 1.19 -0.00 -0.01 -0.00
42.17 1.00 0.09 1.19 -0.00 -0.03 -0.00
42.22 1.00 0.09 1.19 -0.00 -0.04 -0.00
42.27 1.00 0.09 1.19 -0.00 -0.05 -0.00
42.32 1.00 0.09 1.19 -0.00 -0.07 -0.00
42.37 1.00 0.08 1.19 -0.00 -0.08 -0.00
42.42 1.00 0.08 1.19 -0.00 -0.09 -0.00
42.47 1.00 0.07 1.19 -0.00 -0.09 -0.00
42.52 1.00 0.07 1.19 -0.00 -0.10 -0.00
42.57 1.00 0.06 1.19 -0.00 -0.10 -0.00
42.62 1.00 0.06 1.19 -0.00 -0.11 -0.00
42.67 1.00 0.05 1.19 -0.00 -0.11 -0.00
42.72 1.00 0.05 1.19 -0.00 -0.11 0.00
42.77 1.00 0.04 1.19 -0.00 -0.11 -0.00
42.82 1.00 0.04 1.19 -0.00 -0.11 -0.00
42.87 1.00 0.03 1.19 -0.00 -0.10 -0.00
42.92 1.00 0.03 1.19 0.00 -0.10 -0.00
42.97 1.00 0.02 1.19 0.00 -0.10 -0.00
43.2 1.00 0.02 1.19 0.00 -0.09 -0.00
43.7 1.00 0.01 1.19 0.00 -0.08 -0.00
43.12 1.00 0.01 1.19 0.00 -0.08 -0.00
43.17 1.00 0.00 1.19 0.00 -0.07 -0.00
43.22 1.00 0.00 1.19 0.00 -0.07 -0.00
43.27 1.00 -0.00 1.19 0.00 -0.06 -0.00
43.32 1.00 -0.01 1.19 0.00 -0.05 -0.00
43.37 1.00 -0.01 1.19 0.00 -0.05 -0.00
43.42 1.00 -0.01 1.19 0.00 -0.04 -0.00
43.47 1.00 -0.01 1.19 0.00 -0.03 -0.00
43.52 1.00 -0.01 1.19 0.00 -0.03 -0.00
43.57 1.00 -0.01 1.19 0.00 -0.02 -0.00
43.62 1.00 -0.01 1.19 0.00 -0.01 -0.00
43.67 1.00 -0.02 1.19 0.00 -0.01 -0.00
43.72 1.00 -0.02 1.19 0.00 -0.00 -0.00
43.77 1.00 -0.02 1.19 0.00 0.00 -0.00
43.82 1.00 -0.02 1.19 0.00 0.01 -0.00
43.87 1.00 -0.01 1.19 0.00 0.01 -0.00
43.92 1.00 -0.01 1.19 0.00 0.01 -0.00
43.97 1.00 -0.01 1.19 0.00 0.02 -0.00
44.2 1.00 -0.01 1.19 0.00 0.02 -0.00
44.7 1.00 -0.01 1.19 0.00 0.02 -0.00
44.12 1.00 -0.01 1.19 0.00 0.02 -0.00
44.17 1.00 -0.01 1.19 0.00 0.02 -0.00
44.22 1.00 -0.01 1.19 0.00 0.03 -0.00
44.27 1.00 -0.01 1.19 0.00 0.03 -0.00
44.32 1.00 -0.01 1.19 0.00 0.03 -0.00
44.37 1.00 -0.00 1.19 0.00 0.03 -0.00
44.42 1.00 -0.00 1.19 0.00 0.03 -0.00
44.47 1.00 -0.00 1.19 0.00 0.02 -0.00
44.52 1.00 -0.00 1.19 0.00 0.02 -0.00
44.57 1.00 0.00 1.19 0.00 0.02 -0.00
44.62 1.00 0.00 1.19 0.00 0.02 -0.00
44.67 1.00 0.00 1.19 0.00 0.02 -0.00
44.72 1.00 0.00 1.19 0.00 0.02 -0.00
44.77 1.00 0.00 1.19 0.00 0.02 -0.00
44.82 1.00 0.01 1.19 0.00 0.01 -0.00
44.87 1.00 0.01 1.19 0.00 0.01 -0.00
44.92 1.00 0.01 1.19 0.00 0.01 -0.00
44.97 1.00 0.01 1.19 0.00 0.01 -0.00
45.2 1.00 0.01 1.19 0.00 0.01 -0.00
45.7 1.00 0.01 1.19 0.00 0.01 -0.00
45.12 1.00 0.01 1.19 0.00 0.00 -0.00
45.17 1.00 0.01 1.19 0.00 0.00 -0.00
45.22 1.00 0.01 1.19 0.00 0.00 -0.00
45.27 1.00 0.01 1.19 0.00 -0.00 -0.00
45.32 1.00 0.01 1.19 0.00 -0.00 -0.00
45.37 1.00 0.01 1.19 0.00 -0.00 -0.00
45.42 1.00 0.01 1.19 0.00 -0.00 -0.00
45.47 1.00 0.01 1.19 0.00 -0.01 -0.00
45.52 1.00 0.01 1.19 0.00 -0.01 -0.00
45.57 1.00 0.01 1.19 0.00 -0.01 -0.00
45.62 1.00 0.01 1.19 0.00 -0.01 -0.00
45.67 1.00 0.01 1.19 0.00 -0.01 -0.00
45.72 1.00 0.01 1.19 0.00 -0.01 -0.00
45.77 1.00 0.01 1.19 0.00 -0.01 -0.00
45.82 1.00 0.00 1.19 0.00 -0.01 -0.00
45.87 1.00 0.00 1.19 0.00 -0.01 -0.00
45.92 1.00 0.00 1.19 0.00 -0.01 -0.00
45.97 1.00 0.00 1.19 0.00 -0.01 -0.00
46.2 1.00 0.00 1.19 0.00 -0.01 -0.00
46.7 1.00 0.00 1.19 0.00 -0.01 -0.00
46.12 1.00 0.00 1.19 0.00 -0.01 -0.00
46.17 1.00 0.00 1.19 0.00 -0.01 -0.00
46.22 1.00 0.00 1.19 0.00 -0.01 -0.00
46.27 1.00 0.00 1.19 0.00 -0.01 -0.00
46.32 1.00 0.00 1.19 0.00 -0.01 -0.00
46.37 1.00 0.00 1.19 0.00 -0.01 -0.00
46.42 1.00 0.00 1.19 0.00 -0.01 -0.00
46.47 1.00 -0.00 1.19 0.00 -0.01 -0.00
46.52 1.00 -0.00 1.19 0.00 -0.00 -0.00
46.57 1.00 -0.00 1.19 0.00 -0.00 -0.00
46.62 1.00 -0.00 1.19 0.00 -0.00 -0.00
46.67 1.00 -0.00 1.19 0.00 -0.00 -0.00
46.72 1.00 -0.00 1.19 0.00 -0.00 -0.00
46.77 1.00 -0.00 1.19 0.00 -0.00 -0.00
46.82 1.00 -0.00 1.19 0.00 -0.00 -0.00
46.87 1.00 -0.00 1.19 0.00 -0.00 -0.00
46.92 1.00 -0.00 1.19 0.00 -0.00 -0.00
----- POSITION COMMAND -----
47.98	-0.00	-0.00	1.19
t(s)	x(m)	y(m)	z(m)	vx(m/s)	vy(m/s)	vz(m/s)
47.99 1.00 -0.00 1.19 0.00 0.00 -0.00
48.4 1.00 -0.00 1.19 0.00 0.00 -0.00
48.9 1.00 -0.00 1.19 -0.07 0.00 -0.01
48.14 0.99 -0.00 1.18 -0.25 0.00 -0.04
48.19 0.97 -0.00 1.18 -0.46 0.00 -0.07
48.24 0.94 -0.00 1.18 -0.66 0.00 -0.08
48.29 0.91 -0.00 1.17 -0.83 0.00 -0.09
48.34 0.86 0.00 1.17 -0.98 0.00 -0.08
48.39 0.81 0.00 1.17 -1.10 0.00 -0.06
48.44 0.75 0.00 1.16 -1.19 0.00 -0.04
48.49 0.69 0.00 1.16 -1.26 0.00 -0.02
48.54 0.63 0.00 1.16 -1.31 0.00 -0.01
48.59 0.56 0.00 1.16 -1.33 0.00 0.01
48.64 0.49 0.00 1.16 -1.33 0.00 0.02
48.69 0.43 0.00 1.16 -1.32 0.00 0.03
48.74 0.36 0.00 1.16 -1.30 0.00 0.04
48.79 0.30 0.00 1.17 -1.26 0.00 0.04
48.84 0.23 0.00 1.17 -1.21 0.00 0.04
48.89 0.18 0.00 1.17 -1.15 0.00 0.04
48.94 0.12 0.00 1.17 -1.09 0.00 0.03
48.99 0.07 0.00 1.17 -1.02 0.00 0.03
49.4 0.02 0.00 1.17 -0.94 0.00 0.03
49.9 -0.03 0.00 1.18 -0.86 0.00 0.02
49.14 -0.07 0.00 1.18 -0.77 0.00 0.02
49.19 -0.10 0.00 1.18 -0.69 -0.00 0.01
49.24 -0.14 0.00 1.18 -0.60 -0.00 0.01
49.29 -0.16 0.00 1.18 -0.52 -0.00 0.01
49.34 -0.19 0.00 1.18 -0.43 -0.00 0.00
49.39 -0.21 0.00 1.18 -0.35 -0.00 0.00
49.44 -0.22 0.00 1.18 -0.27 -0.00 0.00
49.49 -0.23 0.00 1.18 -0.19 -0.00 0.00
49.54 -0.24 0.00 1.18 -0.12 -0.00 0.00
49.59 -0.25 0.00 1.18 -0.05 -0.00 0.00
49.64 -0.25 0.00 1.18 0.02 -0.00 0.00
49.69 -0.24 0.00 1.18 0.08 -0.00 0.01
49.74 -0.24 0.00 1.18 0.13 -0.00 0.01
49.79 -0.23 0.00 1.18 0.18 -0.00 0.01
49.84 -0.22 0.00 1.18 0.22 -0.00 0.01
49.89 -0.21 0.00 1.18 0.25 -0.00 0.01
49.94 -0.20 0.00 1.18 0.28 -0.00 0.01
49.99 -0.18 0.00 1.18 0.31 -0.00 0.01
50.4 -0.17 0.00 1.18 0.33 -0.00 0.01
50.9 -0.15 0.00 1.18 0.34 -0.00 0.01
50.14 -0.13 0.00 1.18 0.35 -0.00 0.01
50.19 -0.11 0.00 1.19 0.36 -0.00 0.01
50.24 -0.10 0.00 1.19 0.36 -0.00 0.01
50.29 -0.08 0.00 1.19 0.35 -0.00 0.01
50.34 -0.06 0.00 1.19 0.34 -0.00 0.01
50.39 -0.04 -0.00 1.19 0.33 -0.00 0.01
50.44 -0.03 -0.00 1.19 0.32 -0.00 0.01
50.49 -0.01 -0.00 1.19 0.30 -0.00 0.01
50.54 0.00 -0.00 1.19 0.29 -0.00 0.01
50.59 0.02 -0.00 1.19 0.27 -0.00 0.01
50.64 0.03 -0.00 1.19 0.24 -0.00 0.00
50.69 0.04 -0.00 1.19 0.22 -0.00 0.00
50.74 0.05 -0.00 1.19 0.20 -0.00 0.00
50.79 0.06 -0.00 1.19 0.17 -0.00 0.00
50.84 0.07 -0.00 1.19 0.15 -0.00 0.00
50.89 0.08 -0.00 1.19 0.13 -0.00 -0.00
50.94 0.08 -0.00 1.19 0.10 -0.00 -0.00
50.99 0.09 -0.00 1.19 0.08 -0.00 -0.00
51.4 0.09 -0.00 1.19 0.06 -0.00 -0.00
51.9 0.09 -0.00 1.19 0.04 -0.00 -0.00
51.14 0.09 -0.00 1.19 0.02 -0.00 -0.00
51.19 0.09 -0.00 1.19 -0.00 -0.00 -0.00
51.24 0.09 -0.00 1.19 -0.02 0.00 -0.00
51.29 0.09 -0.00 1.19 -0.04 0.00 -0.00
51.34 0.09 -0.00 1.19 -0.05 0.00 -0.00
51.39 0.09 -0.00 1.19 -0.06 0.00 -0.00
51.44 0.08 -0.00 1.19 -0.07 0.00 -0.00
51.49 0.08 -0.00 1.19 -0.08 0.00 -0.00
51.54 0.08 -0.00 1.19 -0.09 0.00 -0.00
51.59 0.07 -0.00 1.19 -0.10 0.00 -0.00
51.64 0.07 -0.00 1.19 -0.10 0.00 -0.00
51.69 0.06 -0.00 1.19 -0.11 0.00 -0.00
51.74 0.06 -0.00 1.19 -0.11 0.00 -0.00
51.79 0.05 -0.00 1.19 -0.11 0.00 0.00
51.84 0.04 -0.00 1.19 -0.11 0.00 -0.00
51.89 0.04 -0.00 1.19 -0.11 0.00 -0.00
51.94 0.03 -0.00 1.19 -0.10 0.00 -0.00
51.99 0.03 -0.00 1.19 -0.10 0.00 -0.00
52.4 0.02 -0.00 1.19 -0.10 0.00 -0.00
52.9 0.02 -0.00 1.19 -0.09 -0.00 -0.00
52.14 0.01 -0.00 1.19 -0.09 -0.00 -0.00
52.19 0.01 -0.00 1.19 -0.08 -0.00 -0.00
52.24 0.01 -0.00 1.19 -0.07 -0.00 -0.00
52.29 0.00 -0.00 1.19 -0.07 -0.00 -0.00
52.34 -0.00 -0.00 1.19 -0.06 -0.00 -0.00
52.39 -0.00 -0.00 1.19 -0.05 -0.00 -0.00
52.44 -0.01 -0.00 1.19 -0.05 -0.00 -0.00
52.49 -0.01 -0.00 1.19 -0.04 -0.00 -0.00
52.54 -0.01 -0.00 1.19 -0.03 -0.00 -0.00
52.59 -0.01 -0.00 1.19 -0.03 -0.00 -0.00
52.64 -0.01 -0.00 1.19 -0.02 -0.00 -0.00
52.69 -0.01 -0.00 1.19 -0.02 -0.00 -0.00
52.74 -0.01 -0.00 1.19 -0.01 -0.00 -0.00
52.79 -0.01 -0.00 1.19 -0.00 -0.00 -0.00
52.84 -0.01 -0.00 1.19 0.00 -0.00 -0.00
52.89 -0.01 -0.00 1.19 0.00 -0.00 -0.00
52.94 -0.01 -0.00 1.19 0.01 -0.00 -0.00
52.99 -0.01 -0.00 1.19 0.01 -0.00 -0.00
53.4 -0.01 -0.00 1.19 0.02 -0.00 -0.00
53.9 -0.01 -0.00 1.19 0.02 -0.00 -0.00
53.14 -0.01 -0.00 1.19 0.02 -0.00 -0.00
53.19 -0.01 -0.00 1.19 0.02 -0.00 -0.00
53.24 -0.01 -0.00 1.19 0.02 -0.00 -0.00
53.29 -0.01 -0.00 1.19 0.02 -0.00 -0.00
53.34 -0.01 -0.00 1.19 0.03 -0.00 -0.00
53.39 -0.01 -0.00 1.19 0.03 -0.00 -0.00
53.44 -0.00 -0.00 1.19 0.03 -0.00 -0.00
53.49 -0.00 -0.00 1.19 0.03 -0.00 -0.00
53.54 -0.00 -0.00 1.19 0.02 -0.00 -0.00
53.59 -0.00 -0.00 1.19 0.02 -0.00 -0.00
53.64 0.00 -0.00 1.19 0.02 -0.00 -0.00
53.69 0.00 -0.00 1.19 0.02 -0.00 -0.00
53.74 0.00 -0.00 1.19 0.02 -0.00 -0.00
53.79 0.00 -0.00 1.19 0.02 -0.00 -0.00
53.84 0.00 -0.00 1.19 0.02 -0.00 -0.00
53.89 0.01 -0.00 1.19 0.02 -0.00 -0.00
53.94 0.01 -0.00 1.19 0.01 -0.00 -0.00
53.99 0.01 -0.00 1.19 0.01 -0.00 -0.00
54.4 0.01 -0.00 1.19 0.01 -0.00 -0.00
54.9 0.01 -0.00 1.19 0.01 -0.00 -0.00
54.14 0.01 -0.00 1.19 0.01 -0.00 -0.00
54.19 0.01 -0.00 1.19 0.00 -0.00 -0.00
54.24 0.01 -0.00 1.19 0.00 -0.00 -0.00
54.29 0.01 -0.00 1.19 0.00 -0.00 -0.00
54.34 0.01 -0.00 1.19 -0.00 -0.00 -0.00
54.39 0.01 -0.00 1.19 -0.00 -0.00 -0.00
54.44 0.01 -0.00 1.19 -0.00 -0.00 -0.00
54.49 0.01 -0.00 1.19 -0.00 -0.00 -0.00
54.54 0.01 -0.00 1.19 -0.01 -0.00 -0.00
54.59 0.01 -0.00 1.19 -0.01 -0.00 -0.00
54.64 0.01 -0.00 1.19 -0.01 -0.00 -0.00
54.69 0.01 -0.00 1.19 -0.01 -0.00 -0.00
54.74 0.01 -0.00 1.19 -0.01 -0.00 -0.00
54.79 0.01 -0.00 1.19 -0.01 -0.00 -0.00
54.84 0.01 -0.00 1.19 -0.01 -0.00 -0.00
54.89 0.01 -0.00 1.19 -0.01 -0.00 -0.00
54.94 0.01 -0.00 1.19 -0.01 -0.00 -0.00
54.99 0.00 -0.00 1.19 -0.01 -0.00 -0.00
55.4 0.00 -0.00 1.19 -0.01 -0.00 -0.00
55.9 0.00 -0.00 1.19 -0.01 -0.00 -0.00
55.14 0.00 -0.00 1.19 -0.01 -0.00 -0.00
55.19 0.00 -0.00 1.19 -0.01 -0.00 -0.00
55.24 0.00 -0.00 1.19 -0.01 -0.00 -0.00
55.29 0.00 -0.00 1.19 -0.01 -0.00 -0.00
55.34 0.00 -0.00 1.19 -0.01 -0.00 -0.00
55.39 0.00 -0.00 1.19 -0.01 -0.00 -0.00
55.44 0.00 -0.00 1.19 -0.01 -0.00 -0.00
55.49 0.00 -0.00 1.19 -0.01 -0.00 -0.00
55.54 0.00 -0.00 1.19 -0.01 -0.00 -0.00
55.59 0.00 -0.00 1.19 -0.00 -0.00 -0.00
55.64 -0.00 -0.00 1.19 -0.00 -0.00 -0.00
55.69 -0.00 -0.00 1.19 -0.00 -0.00 -0.00
55.74 -0.00 -0.00 1.19 -0.00 -0.00 -0.00
55.79 -0.00 -0.00 1.19 -0.00 -0.00 -0.00
55.84 -0.00 -0.00 1.19 -0.00 -0.00 -0.00
55.89 -0.00 -0.00 1.19 -0.00 -0.00 -0.00
55.94 -0.00 -0.00 1.19 -0.00 -0.00 -0.00
55.99 -0.00 -0.00 1.19 -0.00 -0.00 -0.00
----- POSITION COMMAND -----
57.33	0.00	-0.00	0.19
t(s)	x(m)	y(m)	z(m)	vx(m/s)	vy(m/s)	vz(m/s)
57.34 0.00 -0.00 1.19 0.00 -0.00 -0.00
57.39 0.00 -0.00 1.18 0.00 -0.00 -0.19
57.44 0.00 -0.00 1.16 0.00 -0.00 -0.62
57.49 0.00 -0.00 1.12 0.00 -0.00 -0.94
57.54 0.00 -0.00 1.07 0.00 -0.00 -1.17
57.59 0.00 -0.00 1.01 0.00 -0.00 -1.33
57.64 0.00 -0.00 0.94 0.00 0.00 -1.41
57.69 0.00 -0.00 0.87 0.00 0.00 -1.45
57.74 0.00 -0.00 0.80 0.00 0.00 -1.44
57.79 0.00 -0.00 0.72 0.00 0.00 -1.40
57.84 0.00 -0.00 0.66 0.00 0.00 -1.33
57.89 0.00 -0.00 0.59 0.00 0.00 -1.25
57.94 0.00 -0.00 0.53 0.00 0.00 -1.15
57.99 0.00 -0.00 0.48 0.00 0.00 -1.05
58.4 0.00 -0.00 0.43 0.00 0.00 -0.95
58.9 0.00 -0.00 0.38 0.00 0.00 -0.84
58.14 0.00 -0.00 0.34 0.00 0.00 -0.74
58.19 0.00 -0.00 0.31 0.00 0.00 -0.64
58.24 0.00 -0.00 0.28 0.00 0.00 -0.55
58.29 0.00 -0.00 0.25 0.00 0.00 -0.47
58.34 0.00 -0.00 0.23 0.00 0.00 -0.39
58.39 0.00 -0.00 0.21 0.00 0.00 -0.32
58.44 0.00 -0.00 0.20 0.00 0.00 -0.26
58.49 0.00 -0.00 0.19 0.00 0.00 -0.20
58.54 0.00 -0.00 0.18 -0.00 0.00 0.02
58.59 0.00 -0.00 0.18 -0.00 0.00 0.02
58.64 0.00 -0.00 0.18 -0.00 -0.00 0.01
58.69 0.00 -0.00 0.19 -0.00 -0.00 0.01
58.74 0.00 -0.00 0.19 -0.00 -0.00 0.01
58.79 0.00 -0.00 0.19 -0.00 -0.00 0.01
58.84 0.00 -0.00 0.19 -0.00 -0.00 0.01
58.89 0.00 -0.00 0.19 -0.00 -0.00 0.01
58.94 0.00 -0.00 0.19 -0.00 -0.00 0.01
58.99 0.00 -0.00 0.19 -0.00 -0.00 0.00
59.4 0.00 -0.00 0.19 -0.00 -0.00 0.00
59.9 0.00 -0.00 0.19 -0.00 -0.00 0.00
59.14 0.00 -0.00 0.19 -0.00 -0.00 0.00
59.19 0.00 -0.00 0.19 -0.00 -0.00 0.00